# enemy_color: "red"
enemy_color: "blue"

# detector
threshold: 300
max_angle_error: 45 # degree
min_lightbar_ratio: 1.5
max_lightbar_ratio: 20
min_lightbar_length: 8
min_armor_ratio: 1
max_armor_ratio: 5
max_side_ratio: 1.5
max_rectangular_error: 25 # degree
min_confidence: 0.8

# usb camera
image_width: 1280
image_height: 720
usb_frame_rate: 30

# camera calibration
R_gimbal2imubody: [-1, 0, 0, 0, -1, 0, 0, 0, 1]
camera_matrix: [1320.5372, 0, 633.681963, 0, 1321.02773, 414.417885, 0, 0, 1]
distort_coeffs: [-0.07447857, 0.35185094, 0.00211799, -0.00613892, 1.99027408]

# camera to gimbal transform
R_camera2gimbal: [-0.0083195760046954614, 0.010498791137270739, 0.99991027599468041, -0.99960756138647755, -0.026835747568381807, -0.0080352891314148939, 0.026748978935305992, -0.99958472279097077, 0.010717933047771133]
t_camera2gimbal: [0.094969301833534511, 0.095006290298006682, 0.050987066291756609]